229 223 229 241 241 241 241 241 241 241 232 233 235 222 241 241
161 145 172 168 171 163 240 184 199 221 179 168 132  95 166 238
161 178 206 104  47  82 241 154  76 111 156 175 148  96 104 220
176 189 213 141  90 119 241 236 116  66 189 194 120 134 138 223
241 241 241 241 241 241 241 241 241 241 241 241 241 241 241 241
227 145 191 217 240 240 240 240 239 207 231 239 196 241 241 241
158 149 165  59 158 210 103  68  63 152 192  76 106 241 241 241
202 201  83 126 187 201  70  50 141 118  99 206 118 241 241 241
230 146 185 199 204 140 174  42 150 200 222 149 192 241 241 241
241 241 241 241 241 241 240 203 241 241 241 241 241 241 241 241
241 241 241 241 241 241 241 241 241 241 241 241 229 240 241 241
240 240 240 240 240 240 240 240 240 240 240 240 125  99 233 241
195  33  33  33  33  33  33  33  33  33  33  33  16   0  49 225
203  72  72  72  72  72  72  72  72  72  72  72  36   7 153 239
241 241 241 241 241 241 241 241 241 241 241 241 142 183 240 241
241 241 241 241 241 241 241 241 241 241 241 241 238 241 241 241
229 223 229 241 241 241 241 241 241 241 232 233 235 222 241 241
161 145 172 168 171 163 240 184 199 221 179 168 132  95 166 238
161 178 206 105  47  82 241 154  76 111 156 175 148  96 104 220
176 189 213 141  90 119 241 236 116  66 189 194 120 134 138 223
241 241 241 241 241 241 241 241 241 241 241 241 241 241 241 241
227 145 191 217 240 240 240 240 239 207 231 239 196 241 241 241
158 149 165  59 158 210 103  68  63 152 192  76 106 241 241 241
202 201  83 126 187 201  70  50 141 118  99 206 118 241 241 241
230 146 185 199 204 140 174  42 150 200 222 149 192 241 241 241
241 241 241 241 241 241 240 203 241 241 241 241 241 241 241 241
241 241 241 241 241 241 241 241 241 241 241 241 229 240 241 241
240 240 240 240 240 240 240 240 240 240 240 240 125  99 233 241
195  33  33  33  33  33  33  33  33  33  33  33  16   0  49 225
203  72  72  72  72  72  72  72  72  72  72  72  36   7 153 239
241 241 241 241 241 241 241 241 241 241 241 241 142 183 240 241
241 241 241 241 241 241 241 241 241 241 241 241 238 241 241 241
229 223 229 241 241 241 241 241 241 241 232 233 235 222 241 241
161 145 172 168 171 163 240 184 199 221 179 168 132  95 166 238
161 178 206 104  47  82 241 154  76 111 156 175 148  96 104 220
176 189 213 141  90 119 241 236 116  66 189 194 120 134 138 223
241 241 241 241 241 241 241 241 241 241 241 241 241 241 241 241
227 145 191 217 240 240 240 240 239 207 231 239 196 241 241 241
158 149 165  59 158 210 103  68  63 152 192  76 106 241 241 241
202 201  83 126 187 201  70  50 141 118  99 206 118 241 241 241
230 146 185 199 204 140 174  42 150 200 222 149 192 241 241 241
241 241 241 241 241 241 240 203 241 241 241 241 241 241 241 241
241 241 241 241 241 241 241 241 241 241 241 241 229 240 241 241
240 240 240 240 240 240 240 240 240 240 240 240 125  99 233 241
195  33  33  33  33  33  33  33  33  33  33  33  16   0  49 225
203  72  72  72  72  72  72  72  72  72  72  72  36   7 153 239
241 241 241 241 241 241 241 241 241 241 241 241 142 183 240 241
241 241 241 241 241 241 241 241 241 241 241 241 238 241 241 241

241 238 220 223 241 241 241 241 241 241 241 241 225 239 241 241
241 166 104 138 241 241 241 241 241 241 241 233  49 153 240 241
222  95  96 134 241 241 241 241 241 241 240  99   0   7 183 241
235 132 148 120 241 196 106 118 192 241 229 125  16  36 142 238
233 168 175 194 241 239  76 206 149 241 241 240  33  72 241 241
232 179 156 189 241 231 192  99 222 241 241 240  33  72 241 241
241 221 111  66 241 207 152 118 200 241 241 240  33  72 241 241
241 199  76 116 241 239  63 141 150 241 241 240  33  72 241 241
241 184 154 236 241 240  68  50  42 203 241 240  33  72 241 241
241 240 241 241 241 240 103  70 174 240 241 240  33  72 241 241
241 163  82 119 241 240 210 201 140 241 241 240  33  72 241 241
241 171  47  90 241 240 158 187 204 241 241 240  33  72 241 241
241 168 104 141 241 217  59 126 199 241 241 240  33  72 241 241
229 172 206 213 241 191 165  83 185 241 241 240  33  72 241 241
223 145 178 189 241 145 149 201 146 241 241 240  33  72 241 241
229 161 161 176 241 227 158 202 230 241 241 240 195 203 241 241
241 238 220 223 241 241 241 241 241 241 241 241 225 239 241 241
241 166 104 138 241 241 241 241 241 241 241 233  49 153 240 241
222  95  96 134 241 241 241 241 241 241 240  99   0   7 183 241
235 132 148 120 241 196 106 118 192 241 229 125  16  36 142 238
233 168 175 194 241 239  76 206 149 241 241 240  33  72 241 241
232 179 156 189 241 231 192  99 222 241 241 240  33  72 241 241
241 221 111  66 241 207 152 118 200 241 241 240  33  72 241 241
241 199  76 116 241 239  63 141 150 241 241 240  33  72 241 241
241 184 154 236 241 240  68  50  42 203 241 240  33  72 241 241
241 240 241 241 241 240 103  70 174 240 241 240  33  72 241 241
241 163  82 119 241 240 210 201 140 241 241 240  33  72 241 241
241 171  47  90 241 240 158 187 204 241 241 240  33  72 241 241
241 168 105 141 241 217  59 126 199 241 241 240  33  72 241 241
229 172 206 213 241 191 165  83 185 241 241 240  33  72 241 241
223 145 178 189 241 145 149 201 146 241 241 240  33  72 241 241
229 161 161 176 241 227 158 202 230 241 241 240 195 203 241 241
241 238 220 223 241 241 241 241 241 241 241 241 225 239 241 241
241 166 104 138 241 241 241 241 241 241 241 233  49 153 240 241
222  95  96 134 241 241 241 241 241 241 240  99   0   7 183 241
235 132 148 120 241 196 106 118 192 241 229 125  16  36 142 238
233 168 175 194 241 239  76 206 149 241 241 240  33  72 241 241
232 179 156 189 241 231 192  99 222 241 241 240  33  72 241 241
241 221 111  66 241 207 152 118 200 241 241 240  33  72 241 241
241 199  76 116 241 239  63 141 150 241 241 240  33  72 241 241
241 184 154 236 241 240  68  50  42 203 241 240  33  72 241 241
241 240 241 241 241 240 103  70 174 240 241 240  33  72 241 241
241 163  82 119 241 240 210 201 140 241 241 240  33  72 241 241
241 171  47  90 241 240 158 187 204 241 241 240  33  72 241 241
241 168 104 141 241 217  59 126 199 241 241 240  33  72 241 241
229 172 206 213 241 191 165  83 185 241 241 240  33  72 241 241
223 145 178 189 241 145 149 201 146 241 241 240  33  72 241 241
229 161 161 176 241 227 158 202 230 241 241 240 195 203 241 241

241 241 241 238 241 241 241 241 241 241 241 241 241 241 241 241
241 240 183 142 241 241 241 241 241 241 241 241 241 241 241 241
239 153   7  36  72  72  72  72  72  72  72  72  72  72  72 203
225  49   0  16  33  33  33  33  33  33  33  33  33  33  33 195
241 233  99 125 240 240 240 240 240 240 240 240 240 240 240 240
241 241 240 229 241 241 241 241 241 241 241 241 241 241 241 241
241 241 241 241 241 241 241 241 203 240 241 241 241 241 241 241
241 241 241 192 149 222 200 150  42 174 140 204 199 185 146 230
241 241 241 118 206  99 118 141  50  70 201 187 126  83 201 202
241 241 241 106  76 192 152  63  68 103 210 158  59 165 149 158
241 241 241 196 239 231 207 239 240 240 240 240 217 191 145 227
241 241 241 241 241 241 241 241 241 241 241 241 241 241 241 241
223 138 134 120 194 189  66 116 236 241 119  90 141 213 189 176
220 104  96 148 175 156 111  76 154 241  82  47 104 206 178 161
238 166  95 132 168 179 221 199 184 240 163 171 168 172 145 161
241 241 222 235 233 232 241 241 241 241 241 241 241 229 223 229
241 241 241 238 241 241 241 241 241 241 241 241 241 241 241 241
241 240 183 142 241 241 241 241 241 241 241 241 241 241 241 241
239 153   7  36  72  72  72  72  72  72  72  72  72  72  72 203
225  49   0  16  33  33  33  33  33  33  33  33  33  33  33 195
241 233  99 125 240 240 240 240 240 240 240 240 240 240 240 240
241 241 240 229 241 241 241 241 241 241 241 241 241 241 241 241
241 241 241 241 241 241 241 241 203 240 241 241 241 241 241 241
241 241 241 192 149 222 200 150  42 174 140 204 199 185 146 230
241 241 241 118 206  99 118 141  50  70 201 187 126  83 201 202
241 241 241 106  76 192 152  63  68 103 210 158  59 165 149 158
241 241 241 196 239 231 207 239 240 240 240 240 217 191 145 227
241 241 241 241 241 241 241 241 241 241 241 241 241 241 241 241
223 138 134 120 194 189  66 116 236 241 119  90 141 213 189 176
220 104  96 148 175 156 111  76 154 241  82  47 105 206 178 161
238 166  95 132 168 179 221 199 184 240 163 171 168 172 145 161
241 241 222 235 233 232 241 241 241 241 241 241 241 229 223 229
241 241 241 238 241 241 241 241 241 241 241 241 241 241 241 241
241 240 183 142 241 241 241 241 241 241 241 241 241 241 241 241
239 153   7  36  72  72  72  72  72  72  72  72  72  72  72 203
225  49   0  16  33  33  33  33  33  33  33  33  33  33  33 195
241 233  99 125 240 240 240 240 240 240 240 240 240 240 240 240
241 241 240 229 241 241 241 241 241 241 241 241 241 241 241 241
241 241 241 241 241 241 241 241 203 240 241 241 241 241 241 241
241 241 241 192 149 222 200 150  42 174 140 204 199 185 146 230
241 241 241 118 206  99 118 141  50  70 201 187 126  83 201 202
241 241 241 106  76 192 152  63  68 103 210 158  59 165 149 158
241 241 241 196 239 231 207 239 240 240 240 240 217 191 145 227
241 241 241 241 241 241 241 241 241 241 241 241 241 241 241 241
223 138 134 120 194 189  66 116 236 241 119  90 141 213 189 176
220 104  96 148 175 156 111  76 154 241  82  47 104 206 178 161
238 166  95 132 168 179 221 199 184 240 163 171 168 172 145 161
241 241 222 235 233 232 241 241 241 241 241 241 241 229 223 229

241 241 203 195 240 241 241 230 202 158 227 241 176 161 161 229
241 241  72  33 240 241 241 146 201 149 145 241 189 178 145 223
241 241  72  33 240 241 241 185  83 165 191 241 213 206 172 229
241 241  72  33 240 241 241 199 126  59 217 241 141 104 168 241
241 241  72  33 240 241 241 204 187 158 240 241  90  47 171 241
241 241  72  33 240 241 241 140 201 210 240 241 119  82 163 241
241 241  72  33 240 241 240 174  70 103 240 241 241 241 240 241
241 241  72  33 240 241 203  42  50  68 240 241 236 154 184 241
241 241  72  33 240 241 241 150 141  63 239 241 116  76 199 241
241 241  72  33 240 241 241 200 118 152 207 241  66 111 221 241
241 241  72  33 240 241 241 222  99 192 231 241 189 156 179 232
241 241  72  33 240 241 241 149 206  76 239 241 194 175 168 233
238 142  36  16 125 229 241 192 118 106 196 241 120 148 132 235
241 183   7   0  99 240 241 241 241 241 241 241 134  96  95 222
241 240 153  49 233 241 241 241 241 241 241 241 138 104 166 241
241 241 239 225 241 241 241 241 241 241 241 241 223 220 238 241
241 241 203 195 240 241 241 230 202 158 227 241 176 161 161 229
241 241  72  33 240 241 241 146 201 149 145 241 189 178 145 223
241 241  72  33 240 241 241 185  83 165 191 241 213 206 172 229
241 241  72  33 240 241 241 199 126  59 217 241 141 105 168 241
241 241  72  33 240 241 241 204 187 158 240 241  90  47 171 241
241 241  72  33 240 241 241 140 201 210 240 241 119  82 163 241
241 241  72  33 240 241 240 174  70 103 240 241 241 241 240 241
241 241  72  33 240 241 203  42  50  68 240 241 236 154 184 241
241 241  72  33 240 241 241 150 141  63 239 241 116  76 199 241
241 241  72  33 240 241 241 200 118 152 207 241  66 111 221 241
241 241  72  33 240 241 241 222  99 192 231 241 189 156 179 232
241 241  72  33 240 241 241 149 206  76 239 241 194 175 168 233
238 142  36  16 125 229 241 192 118 106 196 241 120 148 132 235
241 183   7   0  99 240 241 241 241 241 241 241 134  96  95 222
241 240 153  49 233 241 241 241 241 241 241 241 138 104 166 241
241 241 239 225 241 241 241 241 241 241 241 241 223 220 238 241
241 241 203 195 240 241 241 230 202 158 227 241 176 161 161 229
241 241  72  33 240 241 241 146 201 149 145 241 189 178 145 223
241 241  72  33 240 241 241 185  83 165 191 241 213 206 172 229
241 241  72  33 240 241 241 199 126  59 217 241 141 104 168 241
241 241  72  33 240 241 241 204 187 158 240 241  90  47 171 241
241 241  72  33 240 241 241 140 201 210 240 241 119  82 163 241
241 241  72  33 240 241 240 174  70 103 240 241 241 241 240 241
241 241  72  33 240 241 203  42  50  68 240 241 236 154 184 241
241 241  72  33 240 241 241 150 141  63 239 241 116  76 199 241
241 241  72  33 240 241 241 200 118 152 207 241  66 111 221 241
241 241  72  33 240 241 241 222  99 192 231 241 189 156 179 232
241 241  72  33 240 241 241 149 206  76 239 241 194 175 168 233
238 142  36  16 125 229 241 192 118 106 196 241 120 148 132 235
241 183   7   0  99 240 241 241 241 241 241 241 134  96  95 222
241 240 153  49 233 241 241 241 241 241 241 241 138 104 166 241
241 241 239 225 241 241 241 241 241 241 241 241 223 220 238 241
